v cube pnt 24
-1 1 -1 0 0 -1 0 0
1 1 -1 0 0 -1 1 0
-1 -1 -1 0 0 -1 0 1
1 -1 -1 0 0 -1 1 1
1 1 1 0 0 1 0 0
-1 1 1 0 0 1 1 0
1 -1 1 0 0 1 0 1
-1 -1 1 0 0 1 1 1
1 1 -1 1 0 0 0 0
1 1 1 1 0 0 1 0
1 -1 -1 1 0 0 0 1
1 -1 1 1 0 0 1 1
-1 1 1 -1 0 0 0 0
-1 1 -1 -1 0 0 1 0
-1 -1 1 -1 0 0 0 1
-1 -1 -1 -1 0 0 1 1
-1 1 1 0 1 0 0 0
1 1 1 0 1 0 1 0
-1 1 -1 0 1 0 0 1
1 1 -1 0 1 0 1 1
-1 -1 -1 0 -1 0 0 0
1 -1 -1 0 -1 0 1 0
-1 -1 1 0 -1 0 0 1
1 -1 1 0 -1 0 1 1
i cube 36
0 1 2
3 2 1
4 5 6
7 6 5
8 9 10
11 10 9
12 13 14
15 14 13
16 17 18
19 18 17
20 21 22
23 22 21
x cube assets/banana.png