v sphere pnt 436
0.103956 0.489074 0.000000 0.207912 0.978148 0.000000 -0.000000 0.066667
0.101684 0.489074 0.021614 0.203368 0.978148 0.043227 -0.033333 0.066667
0.094968 0.489074 0.042283 0.189937 0.978148 0.084565 -0.066667 0.066667
0.084102 0.489074 0.061104 0.168204 0.978148 0.122207 -0.100000 0.066667
0.069560 0.489074 0.077254 0.139120 0.978148 0.154508 -0.133333 0.066667
0.051978 0.489074 0.090028 0.103956 0.978148 0.180057 -0.166667 0.066667
0.032124 0.489074 0.098868 0.064248 0.978148 0.197736 -0.200000 0.066667
0.010866 0.489074 0.103386 0.021733 0.978148 0.206773 -0.233333 0.066667
-0.010866 0.489074 0.103386 -0.021733 0.978148 0.206773 -0.266667 0.066667
-0.032124 0.489074 0.098868 -0.064248 0.978148 0.197736 -0.300000 0.066667
-0.051978 0.489074 0.090028 -0.103956 0.978148 0.180057 -0.333333 0.066667
-0.069560 0.489074 0.077254 -0.139120 0.978148 0.154509 -0.366667 0.066667
-0.084102 0.489074 0.061104 -0.168204 0.978148 0.122207 -0.400000 0.066667
-0.094968 0.489074 0.042283 -0.189937 0.978148 0.084565 -0.433333 0.066667
-0.101684 0.489074 0.021614 -0.203368 0.978148 0.043227 -0.466667 0.066667
-0.103956 0.489074 0.000000 -0.207912 0.978148 0.000000 -0.500000 0.066667
-0.101684 0.489074 -0.021614 -0.203368 0.978148 -0.043227 -0.533333 0.066667
-0.094968 0.489074 -0.042283 -0.189937 0.978148 -0.084565 -0.566666 0.066667
-0.084102 0.489074 -0.061104 -0.168204 0.978148 -0.122207 -0.600000 0.066667
-0.069560 0.489074 -0.077254 -0.139120 0.978148 -0.154508 -0.633333 0.066667
-0.051978 0.489074 -0.090028 -0.103956 0.978148 -0.180057 -0.666667 0.066667
-0.032124 0.489074 -0.098868 -0.064248 0.978148 -0.197736 -0.700000 0.066667
-0.010866 0.489074 -0.103386 -0.021733 0.978148 -0.206773 -0.733333 0.066667
0.010866 0.489074 -0.103386 0.021732 0.978148 -0.206773 -0.766666 0.066667
0.032124 0.489074 -0.098868 0.064248 0.978148 -0.197736 -0.800000 0.066667
0.051978 0.489074 -0.090028 0.103956 0.978148 -0.180057 -0.833333 0.066667
0.069560 0.489074 -0.077254 0.139120 0.978148 -0.154509 -0.866667 0.066667
0.084102 0.489074 -0.061104 0.168204 0.978148 -0.122208 -0.900000 0.066667
0.094968 0.489074 -0.042283 0.189937 0.978148 -0.084566 -0.933333 0.066667
0.101684 0.489074 -0.021614 0.203368 0.978148 -0.043227 -0.966667 0.066667
0.103956 0.489074 -0.000000 0.207912 0.978148 -0.000000 -1.000000 0.066667
0.203368 0.456773 0.000000 0.406737 0.913545 0.000000 -0.000000 0.133333
0.198924 0.456773 0.042283 0.397848 0.913545 0.084565 -0.033333 0.133333
0.185786 0.456773 0.082717 0.371572 0.913545 0.165435 -0.066667 0.133333
0.164528 0.456773 0.119537 0.329057 0.913545 0.239074 -0.100000 0.133333
0.136080 0.456773 0.151132 0.272160 0.913545 0.302264 -0.133333 0.133333
0.101684 0.456773 0.176122 0.203368 0.913545 0.352244 -0.166667 0.133333
0.062844 0.456773 0.193415 0.125689 0.913545 0.386829 -0.200000 0.133333
0.021258 0.456773 0.202254 0.042516 0.913545 0.404508 -0.233333 0.133333
-0.021258 0.456773 0.202254 -0.042515 0.913545 0.404508 -0.266667 0.133333
-0.062844 0.456773 0.193415 -0.125688 0.913545 0.386830 -0.300000 0.133333
-0.101684 0.456773 0.176122 -0.203368 0.913545 0.352244 -0.333333 0.133333
-0.136080 0.456773 0.151132 -0.272160 0.913545 0.302264 -0.366667 0.133333
-0.164528 0.456773 0.119537 -0.329057 0.913545 0.239074 -0.400000 0.133333
-0.185786 0.456773 0.082717 -0.371572 0.913545 0.165435 -0.433333 0.133333
-0.198924 0.456773 0.042283 -0.397848 0.913545 0.084566 -0.466667 0.133333
-0.203368 0.456773 0.000000 -0.406737 0.913545 0.000000 -0.500000 0.133333
-0.198924 0.456773 -0.042283 -0.397848 0.913545 -0.084565 -0.533333 0.133333
-0.185786 0.456773 -0.082717 -0.371572 0.913545 -0.165434 -0.566666 0.133333
-0.164528 0.456773 -0.119537 -0.329057 0.913545 -0.239074 -0.600000 0.133333
-0.136080 0.456773 -0.151132 -0.272160 0.913545 -0.302264 -0.633333 0.133333
-0.101684 0.456773 -0.176122 -0.203369 0.913545 -0.352244 -0.666667 0.133333
-0.062844 0.456773 -0.193415 -0.125689 0.913545 -0.386829 -0.700000 0.133333
-0.021258 0.456773 -0.202254 -0.042516 0.913545 -0.404508 -0.733333 0.133333
0.021258 0.456773 -0.202254 0.042515 0.913545 -0.404509 -0.766666 0.133333
0.062844 0.456773 -0.193415 0.125688 0.913545 -0.386830 -0.800000 0.133333
0.101684 0.456773 -0.176122 0.203368 0.913545 -0.352244 -0.833333 0.133333
0.136080 0.456773 -0.151132 0.272160 0.913545 -0.302264 -0.866667 0.133333
0.164528 0.456773 -0.119537 0.329057 0.913545 -0.239074 -0.900000 0.133333
0.185786 0.456773 -0.082718 0.371572 0.913545 -0.165435 -0.933333 0.133333
0.198924 0.456773 -0.042283 0.397848 0.913545 -0.084566 -0.966667 0.133333
0.203368 0.456773 -0.000000 0.406737 0.913545 -0.000001 -1.000000 0.133333
0.293893 0.404509 0.000000 0.587785 0.809017 0.000000 -0.000000 0.200000
0.287470 0.404509 0.061104 0.574941 0.809017 0.122207 -0.033333 0.200000
0.268484 0.404509 0.119537 0.536969 0.809017 0.239074 -0.066667 0.200000
0.237764 0.404509 0.172746 0.475528 0.809017 0.345491 -0.100000 0.200000
0.196653 0.404509 0.218405 0.393305 0.809017 0.436809 -0.133333 0.200000
0.146946 0.404509 0.254518 0.293893 0.809017 0.509037 -0.166667 0.200000
0.090818 0.404509 0.279508 0.181636 0.809017 0.559017 -0.200000 0.200000
0.030720 0.404509 0.292283 0.061440 0.809017 0.584565 -0.233333 0.200000
-0.030720 0.404509 0.292283 -0.061440 0.809017 0.584565 -0.266667 0.200000
-0.090818 0.404509 0.279509 -0.181635 0.809017 0.559017 -0.300000 0.200000
-0.146946 0.404509 0.254519 -0.293892 0.809017 0.509037 -0.333333 0.200000
-0.196652 0.404509 0.218405 -0.393305 0.809017 0.436810 -0.366667 0.200000
-0.237764 0.404509 0.172746 -0.475528 0.809017 0.345492 -0.400000 0.200000
-0.268484 0.404509 0.119537 -0.536968 0.809017 0.239074 -0.433333 0.200000
-0.287470 0.404509 0.061104 -0.574941 0.809017 0.122208 -0.466667 0.200000
-0.293893 0.404509 0.000000 -0.587785 0.809017 0.000000 -0.500000 0.200000
-0.287470 0.404509 -0.061104 -0.574941 0.809017 -0.122207 -0.533333 0.200000
-0.268484 0.404509 -0.119537 -0.536969 0.809017 -0.239073 -0.566666 0.200000
-0.237764 0.404509 -0.172746 -0.475528 0.809017 -0.345491 -0.600000 0.200000
-0.196653 0.404509 -0.218405 -0.393305 0.809017 -0.436809 -0.633333 0.200000
-0.146947 0.404509 -0.254518 -0.293893 0.809017 -0.509037 -0.666667 0.200000
-0.090818 0.404509 -0.279508 -0.181636 0.809017 -0.559017 -0.700000 0.200000
-0.030720 0.404509 -0.292283 -0.061441 0.809017 -0.584565 -0.733333 0.200000
0.030720 0.404509 -0.292283 0.061440 0.809017 -0.584565 -0.766666 0.200000
0.090818 0.404509 -0.279509 0.181635 0.809017 -0.559017 -0.800000 0.200000
0.146946 0.404509 -0.254519 0.293892 0.809017 -0.509037 -0.833333 0.200000
0.196652 0.404509 -0.218405 0.393305 0.809017 -0.436810 -0.866666 0.200000
0.237764 0.404509 -0.172746 0.475528 0.809017 -0.345492 -0.900000 0.200000
0.268484 0.404509 -0.119537 0.536968 0.809017 -0.239074 -0.933333 0.200000
0.287470 0.404509 -0.061104 0.574941 0.809017 -0.122208 -0.966667 0.200000
0.293893 0.404509 -0.000000 0.587785 0.809017 -0.000001 -1.000000 0.200000
0.371572 0.334565 0.000000 0.743145 0.669131 0.000000 -0.000000 0.266667
0.363453 0.334565 0.077254 0.726905 0.669131 0.154508 -0.033333 0.266667
0.339448 0.334565 0.151132 0.678897 0.669131 0.302264 -0.066667 0.266667
0.300608 0.334565 0.218405 0.601217 0.669131 0.436809 -0.100000 0.266667
0.248630 0.334565 0.276132 0.497261 0.669131 0.552264 -0.133333 0.266667
0.185786 0.334565 0.321791 0.371572 0.669131 0.643582 -0.166667 0.266667
0.114822 0.334565 0.353386 0.229644 0.669131 0.706773 -0.200000 0.266667
0.038840 0.334565 0.369537 0.077680 0.669131 0.739074 -0.233333 0.266667
-0.038840 0.334565 0.369537 -0.077680 0.669131 0.739074 -0.266667 0.266667
-0.114822 0.334565 0.353386 -0.229644 0.669131 0.706773 -0.300000 0.266667
-0.185786 0.334565 0.321791 -0.371572 0.669131 0.643582 -0.333333 0.266667
-0.248630 0.334565 0.276132 -0.497261 0.669131 0.552264 -0.366667 0.266667
-0.300608 0.334565 0.218405 -0.601217 0.669131 0.436810 -0.400000 0.266667
-0.339448 0.334565 0.151132 -0.678896 0.669131 0.302264 -0.433333 0.266667
-0.363453 0.334565 0.077254 -0.726905 0.669131 0.154509 -0.466667 0.266667
-0.371572 0.334565 0.000000 -0.743145 0.669131 0.000000 -0.500000 0.266667
-0.363453 0.334565 -0.077254 -0.726905 0.669131 -0.154508 -0.533333 0.266667
-0.339448 0.334565 -0.151132 -0.678897 0.669131 -0.302264 -0.566666 0.266667
-0.300609 0.334565 -0.218405 -0.601217 0.669131 -0.436809 -0.600000 0.266667
-0.248631 0.334565 -0.276132 -0.497261 0.669131 -0.552264 -0.633333 0.266667
-0.185786 0.334565 -0.321791 -0.371573 0.669131 -0.643582 -0.666667 0.266667
-0.114822 0.334565 -0.353386 -0.229645 0.669131 -0.706773 -0.700000 0.266667
-0.038840 0.334565 -0.369537 -0.077680 0.669131 -0.739074 -0.733333 0.266667
0.038840 0.334565 -0.369537 0.077679 0.669131 -0.739074 -0.766666 0.266667
0.114822 0.334565 -0.353386 0.229644 0.669131 -0.706773 -0.800000 0.266667
0.185786 0.334565 -0.321791 0.371572 0.669131 -0.643583 -0.833333 0.266667
0.248630 0.334565 -0.276132 0.497260 0.669131 -0.552265 -0.866666 0.266667
0.300608 0.334565 -0.218405 0.601216 0.669131 -0.436810 -0.900000 0.266667
0.339448 0.334565 -0.151133 0.678896 0.669131 -0.302265 -0.933333 0.266667
0.363453 0.334565 -0.077255 0.726905 0.669131 -0.154509 -0.966667 0.266667
0.371572 0.334565 -0.000000 0.743145 0.669131 -0.000001 -1.000000 0.266667
0.433013 0.250000 0.000000 0.866025 0.500000 0.000000 -0.000000 0.333333
0.423550 0.250000 0.090028 0.847101 0.500000 0.180057 -0.033333 0.333333
0.395577 0.250000 0.176122 0.791154 0.500000 0.352244 -0.066667 0.333333
0.350315 0.250000 0.254518 0.700629 0.500000 0.509037 -0.100000 0.333333
0.289742 0.250000 0.321791 0.579484 0.500000 0.643582 -0.133333 0.333333
0.216506 0.250000 0.375000 0.433013 0.500000 0.750000 -0.166667 0.333333
0.133808 0.250000 0.411819 0.267617 0.500000 0.823639 -0.200000 0.333333
0.045262 0.250000 0.430641 0.090525 0.500000 0.861281 -0.233333 0.333333
-0.045262 0.250000 0.430641 -0.090524 0.500000 0.861281 -0.266667 0.333333
-0.133808 0.250000 0.411820 -0.267616 0.500000 0.823639 -0.300000 0.333333
-0.216506 0.250000 0.375000 -0.433012 0.500000 0.750000 -0.333333 0.333333
-0.289742 0.250000 0.321791 -0.579484 0.500000 0.643582 -0.366667 0.333333
-0.350314 0.250000 0.254519 -0.700629 0.500000 0.509037 -0.400000 0.333333
-0.395577 0.250000 0.176122 -0.791153 0.500000 0.352245 -0.433333 0.333333
-0.423550 0.250000 0.090029 -0.847100 0.500000 0.180057 -0.466667 0.333333
-0.433013 0.250000 0.000000 -0.866025 0.500000 0.000001 -0.500000 0.333333
-0.423550 0.250000 -0.090028 -0.847101 0.500000 -0.180056 -0.533333 0.333333
-0.395577 0.250000 -0.176122 -0.791154 0.500000 -0.352244 -0.566666 0.333333
-0.350315 0.250000 -0.254518 -0.700630 0.500000 -0.509036 -0.600000 0.333333
-0.289742 0.250000 -0.321791 -0.579485 0.500000 -0.643582 -0.633333 0.333333
-0.216507 0.250000 -0.375000 -0.433013 0.500000 -0.750000 -0.666667 0.333333
-0.133809 0.250000 -0.411819 -0.267617 0.500000 -0.823639 -0.700000 0.333333
-0.045263 0.250000 -0.430641 -0.090525 0.500000 -0.861281 -0.733333 0.333333
0.045262 0.250000 -0.430641 0.090523 0.500000 -0.861281 -0.766666 0.333333
0.133808 0.250000 -0.411820 0.267616 0.500000 -0.823639 -0.800000 0.333333
0.216506 0.250000 -0.375000 0.433012 0.500000 -0.750000 -0.833333 0.333333
0.289742 0.250000 -0.321791 0.579484 0.500000 -0.643583 -0.866666 0.333333
0.350314 0.250000 -0.254519 0.700629 0.500000 -0.509038 -0.900000 0.333333
0.395577 0.250000 -0.176123 0.791153 0.500000 -0.352245 -0.933333 0.333333
0.423550 0.250000 -0.090029 0.847100 0.500000 -0.180058 -0.966667 0.333333
0.433013 0.250000 -0.000001 0.866025 0.500000 -0.000001 -1.000000 0.333333
0.475528 0.154509 0.000000 0.951056 0.309017 0.000000 -0.000000 0.400000
0.465137 0.154509 0.098868 0.930274 0.309017 0.197736 -0.033333 0.400000
0.434417 0.154509 0.193415 0.868833 0.309017 0.386829 -0.066667 0.400000
0.384710 0.154509 0.279508 0.769421 0.309017 0.559017 -0.100000 0.400000
0.318191 0.154509 0.353386 0.636381 0.309017 0.706773 -0.133333 0.400000
0.237764 0.154509 0.411819 0.475528 0.309017 0.823639 -0.166667 0.400000
0.146946 0.154509 0.452254 0.293893 0.309017 0.904508 -0.200000 0.400000
0.049706 0.154509 0.472923 0.099413 0.309017 0.945846 -0.233333 0.400000
-0.049706 0.154509 0.472923 -0.099412 0.309017 0.945846 -0.266667 0.400000
-0.146946 0.154509 0.452254 -0.293892 0.309017 0.904509 -0.300000 0.400000
-0.237764 0.154509 0.411820 -0.475528 0.309017 0.823639 -0.333333 0.400000
-0.318190 0.154509 0.353386 -0.636381 0.309017 0.706773 -0.366667 0.400000
-0.384710 0.154509 0.279509 -0.769421 0.309017 0.559017 -0.400000 0.400000
-0.434417 0.154509 0.193415 -0.868833 0.309017 0.386830 -0.433333 0.400000
-0.465137 0.154509 0.098868 -0.930273 0.309017 0.197736 -0.466667 0.400000
-0.475528 0.154509 0.000000 -0.951056 0.309017 0.000001 -0.500000 0.400000
-0.465137 0.154509 -0.098868 -0.930274 0.309017 -0.197735 -0.533333 0.400000
-0.434417 0.154509 -0.193414 -0.868834 0.309017 -0.386829 -0.566666 0.400000
-0.384711 0.154509 -0.279508 -0.769421 0.309017 -0.559017 -0.600000 0.400000
-0.318191 0.154509 -0.353386 -0.636382 0.309017 -0.706772 -0.633333 0.400000
-0.237764 0.154509 -0.411819 -0.475529 0.309017 -0.823639 -0.666667 0.400000
-0.146947 0.154509 -0.452254 -0.293893 0.309017 -0.904508 -0.700000 0.400000
-0.049707 0.154509 -0.472923 -0.099413 0.309017 -0.945846 -0.733333 0.400000
0.049706 0.154509 -0.472923 0.099411 0.309017 -0.945847 -0.766666 0.400000
0.146946 0.154509 -0.452254 0.293892 0.309017 -0.904509 -0.800000 0.400000
0.237764 0.154509 -0.411820 0.475527 0.309017 -0.823640 -0.833333 0.400000
0.318190 0.154509 -0.353387 0.636380 0.309017 -0.706773 -0.866666 0.400000
0.384710 0.154509 -0.279509 0.769420 0.309017 -0.559018 -0.900000 0.400000
0.434416 0.154509 -0.193415 0.868833 0.309017 -0.386831 -0.933333 0.400000
0.465137 0.154509 -0.098868 0.930273 0.309017 -0.197737 -0.966667 0.400000
0.475528 0.154509 -0.000001 0.951056 0.309017 -0.000001 -1.000000 0.400000
0.497261 0.052264 0.000000 0.994522 0.104529 0.000000 -0.000000 0.466667
0.486395 0.052264 0.103386 0.972789 0.104529 0.206773 -0.033333 0.466667
0.454270 0.052264 0.202254 0.908541 0.104529 0.404508 -0.066667 0.466667
0.402293 0.052264 0.292283 0.804585 0.104529 0.584565 -0.100000 0.466667
0.332733 0.052264 0.369537 0.665465 0.104529 0.739074 -0.133333 0.466667
0.248631 0.052264 0.430641 0.497261 0.104529 0.861281 -0.166667 0.466667
0.153662 0.052264 0.472923 0.307324 0.104529 0.945846 -0.200000 0.466667
0.051978 0.052264 0.494537 0.103956 0.104529 0.989074 -0.233333 0.466667
-0.051978 0.052264 0.494537 -0.103956 0.104529 0.989074 -0.266667 0.466667
-0.153662 0.052264 0.472923 -0.307324 0.104529 0.945847 -0.300000 0.466667
-0.248630 0.052264 0.430641 -0.497261 0.104529 0.861281 -0.333333 0.466667
-0.332732 0.052264 0.369537 -0.665465 0.104529 0.739074 -0.366667 0.466667
-0.402292 0.052264 0.292283 -0.804585 0.104529 0.584566 -0.400000 0.466667
-0.454270 0.052264 0.202254 -0.908541 0.104529 0.404509 -0.433333 0.466667
-0.486394 0.052264 0.103387 -0.972789 0.104529 0.206773 -0.466667 0.466667
-0.497261 0.052264 0.000000 -0.994522 0.104529 0.000001 -0.500000 0.466667
-0.486395 0.052264 -0.103386 -0.972789 0.104529 -0.206772 -0.533333 0.466667
-0.454271 0.052264 -0.202254 -0.908541 0.104529 -0.404508 -0.566666 0.466667
-0.402293 0.052264 -0.292282 -0.804585 0.104529 -0.584565 -0.600000 0.466667
-0.332733 0.052264 -0.369537 -0.665466 0.104529 -0.739073 -0.633333 0.466667
-0.248631 0.052264 -0.430640 -0.497262 0.104529 -0.861281 -0.666667 0.466667
-0.153662 0.052264 -0.472923 -0.307325 0.104529 -0.945846 -0.700000 0.466667
-0.051978 0.052264 -0.494537 -0.103957 0.104529 -0.989074 -0.733333 0.466667
0.051977 0.052264 -0.494537 0.103955 0.104529 -0.989074 -0.766666 0.466667
0.153662 0.052264 -0.472923 0.307323 0.104529 -0.945847 -0.800000 0.466667
0.248630 0.052264 -0.430641 0.497260 0.104529 -0.861282 -0.833333 0.466667
0.332732 0.052264 -0.369537 0.665464 0.104529 -0.739074 -0.866667 0.466667
0.402292 0.052264 -0.292283 0.804585 0.104529 -0.584566 -0.900000 0.466667
0.454270 0.052264 -0.202255 0.908540 0.104529 -0.404510 -0.933333 0.466667
0.486394 0.052264 -0.103387 0.972789 0.104529 -0.206774 -0.966667 0.466667
0.497261 0.052264 -0.000001 0.994522 0.104529 -0.000001 -1.000000 0.466667
0.497261 -0.052264 0.000000 0.994522 -0.104528 0.000000 -0.000000 0.533333
0.486395 -0.052264 0.103386 0.972789 -0.104528 0.206773 -0.033333 0.533333
0.454271 -0.052264 0.202254 0.908541 -0.104528 0.404508 -0.066667 0.533333
0.402293 -0.052264 0.292283 0.804585 -0.104528 0.584565 -0.100000 0.533333
0.332733 -0.052264 0.369537 0.665465 -0.104528 0.739074 -0.133333 0.533333
0.248631 -0.052264 0.430641 0.497261 -0.104528 0.861281 -0.166667 0.533333
0.153662 -0.052264 0.472923 0.307324 -0.104528 0.945846 -0.200000 0.533333
0.051978 -0.052264 0.494537 0.103956 -0.104528 0.989074 -0.233333 0.533333
-0.051978 -0.052264 0.494537 -0.103956 -0.104528 0.989074 -0.266667 0.533333
-0.153662 -0.052264 0.472923 -0.307324 -0.104528 0.945847 -0.300000 0.533333
-0.248630 -0.052264 0.430641 -0.497261 -0.104528 0.861281 -0.333333 0.533333
-0.332732 -0.052264 0.369537 -0.665465 -0.104528 0.739074 -0.366667 0.533333
-0.402292 -0.052264 0.292283 -0.804585 -0.104528 0.584566 -0.400000 0.533333
-0.454270 -0.052264 0.202254 -0.908541 -0.104528 0.404509 -0.433333 0.533333
-0.486395 -0.052264 0.103387 -0.972789 -0.104528 0.206773 -0.466667 0.533333
-0.497261 -0.052264 0.000000 -0.994522 -0.104528 0.000001 -0.500000 0.533333
-0.486395 -0.052264 -0.103386 -0.972789 -0.104528 -0.206772 -0.533333 0.533333
-0.454271 -0.052264 -0.202254 -0.908541 -0.104528 -0.404508 -0.566666 0.533333
-0.402293 -0.052264 -0.292282 -0.804586 -0.104528 -0.584565 -0.600000 0.533333
-0.332733 -0.052264 -0.369537 -0.665466 -0.104528 -0.739073 -0.633333 0.533333
-0.248631 -0.052264 -0.430640 -0.497262 -0.104528 -0.861281 -0.666667 0.533333
-0.153662 -0.052264 -0.472923 -0.307325 -0.104528 -0.945846 -0.700000 0.533333
-0.051978 -0.052264 -0.494537 -0.103957 -0.104528 -0.989074 -0.733333 0.533333
0.051977 -0.052264 -0.494537 0.103955 -0.104528 -0.989074 -0.766666 0.533333
0.153662 -0.052264 -0.472923 0.307323 -0.104528 -0.945847 -0.800000 0.533333
0.248630 -0.052264 -0.430641 0.497260 -0.104528 -0.861282 -0.833333 0.533333
0.332732 -0.052264 -0.369537 0.665464 -0.104528 -0.739074 -0.866666 0.533333
0.402292 -0.052264 -0.292283 0.804585 -0.104528 -0.584566 -0.900000 0.533333
0.454270 -0.052264 -0.202255 0.908540 -0.104528 -0.404510 -0.933333 0.533333
0.486394 -0.052264 -0.103387 0.972789 -0.104528 -0.206774 -0.966667 0.533333
0.497261 -0.052264 -0.000001 0.994522 -0.104528 -0.000001 -1.000000 0.533333
0.475528 -0.154508 0.000000 0.951057 -0.309017 0.000000 -0.000000 0.600000
0.465137 -0.154508 0.098868 0.930274 -0.309017 0.197736 -0.033333 0.600000
0.434417 -0.154508 0.193415 0.868833 -0.309017 0.386830 -0.066667 0.600000
0.384711 -0.154508 0.279509 0.769421 -0.309017 0.559017 -0.100000 0.600000
0.318191 -0.154508 0.353386 0.636381 -0.309017 0.706773 -0.133333 0.600000
0.237764 -0.154508 0.411820 0.475528 -0.309017 0.823639 -0.166667 0.600000
0.146946 -0.154508 0.452254 0.293893 -0.309017 0.904509 -0.200000 0.600000
0.049706 -0.154508 0.472923 0.099413 -0.309017 0.945847 -0.233333 0.600000
-0.049706 -0.154508 0.472923 -0.099412 -0.309017 0.945847 -0.266667 0.600000
-0.146946 -0.154508 0.452254 -0.293892 -0.309017 0.904509 -0.300000 0.600000
-0.237764 -0.154508 0.411820 -0.475528 -0.309017 0.823639 -0.333333 0.600000
-0.318190 -0.154508 0.353387 -0.636381 -0.309017 0.706773 -0.366667 0.600000
-0.384710 -0.154508 0.279509 -0.769421 -0.309017 0.559017 -0.400000 0.600000
-0.434417 -0.154508 0.193415 -0.868833 -0.309017 0.386830 -0.433333 0.600000
-0.465137 -0.154508 0.098868 -0.930274 -0.309017 0.197736 -0.466667 0.600000
-0.475528 -0.154508 0.000000 -0.951057 -0.309017 0.000001 -0.500000 0.600000
-0.465137 -0.154508 -0.098868 -0.930274 -0.309017 -0.197735 -0.533333 0.600000
-0.434417 -0.154508 -0.193415 -0.868834 -0.309017 -0.386829 -0.566666 0.600000
-0.384711 -0.154508 -0.279508 -0.769421 -0.309017 -0.559017 -0.600000 0.600000
-0.318191 -0.154508 -0.353386 -0.636382 -0.309017 -0.706772 -0.633333 0.600000
-0.237764 -0.154508 -0.411819 -0.475529 -0.309017 -0.823639 -0.666667 0.600000
-0.146947 -0.154508 -0.452254 -0.293893 -0.309017 -0.904508 -0.700000 0.600000
-0.049707 -0.154508 -0.472923 -0.099413 -0.309017 -0.945846 -0.733333 0.600000
0.049706 -0.154508 -0.472923 0.099411 -0.309017 -0.945847 -0.766666 0.600000
0.146946 -0.154508 -0.452254 0.293892 -0.309017 -0.904509 -0.800000 0.600000
0.237764 -0.154508 -0.411820 0.475527 -0.309017 -0.823640 -0.833333 0.600000
0.318190 -0.154508 -0.353387 0.636381 -0.309017 -0.706773 -0.866667 0.600000
0.384710 -0.154508 -0.279509 0.769420 -0.309017 -0.559018 -0.900000 0.600000
0.434416 -0.154508 -0.193415 0.868833 -0.309017 -0.386831 -0.933333 0.600000
0.465137 -0.154508 -0.098868 0.930274 -0.309017 -0.197737 -0.966667 0.600000
0.475528 -0.154508 -0.000001 0.951057 -0.309017 -0.000001 -1.000000 0.600000
0.433013 -0.250000 0.000000 0.866026 -0.500000 0.000000 -0.000000 0.666667
0.423550 -0.250000 0.090028 0.847101 -0.500000 0.180057 -0.033333 0.666667
0.395577 -0.250000 0.176122 0.791154 -0.500000 0.352244 -0.066667 0.666667
0.350315 -0.250000 0.254519 0.700630 -0.500000 0.509037 -0.100000 0.666667
0.289742 -0.250000 0.321791 0.579484 -0.500000 0.643582 -0.133333 0.666667
0.216506 -0.250000 0.375000 0.433013 -0.500000 0.750000 -0.166667 0.666667
0.133808 -0.250000 0.411820 0.267617 -0.500000 0.823639 -0.200000 0.666667
0.045262 -0.250000 0.430641 0.090525 -0.500000 0.861281 -0.233333 0.666667
-0.045262 -0.250000 0.430641 -0.090524 -0.500000 0.861281 -0.266667 0.666667
-0.133808 -0.250000 0.411820 -0.267616 -0.500000 0.823639 -0.300000 0.666667
-0.216506 -0.250000 0.375000 -0.433013 -0.500000 0.750000 -0.333333 0.666667
-0.289742 -0.250000 0.321791 -0.579484 -0.500000 0.643583 -0.366667 0.666667
-0.350315 -0.250000 0.254519 -0.700629 -0.500000 0.509037 -0.400000 0.666667
-0.395577 -0.250000 0.176122 -0.791154 -0.500000 0.352245 -0.433333 0.666667
-0.423550 -0.250000 0.090029 -0.847101 -0.500000 0.180057 -0.466667 0.666667
-0.433013 -0.250000 0.000000 -0.866026 -0.500000 0.000001 -0.500000 0.666667
-0.423551 -0.250000 -0.090028 -0.847101 -0.500000 -0.180056 -0.533333 0.666667
-0.395577 -0.250000 -0.176122 -0.791154 -0.500000 -0.352244 -0.566666 0.666667
-0.350315 -0.250000 -0.254518 -0.700630 -0.500000 -0.509037 -0.600000 0.666667
-0.289742 -0.250000 -0.321791 -0.579485 -0.500000 -0.643582 -0.633333 0.666667
-0.216507 -0.250000 -0.375000 -0.433013 -0.500000 -0.750000 -0.666667 0.666667
-0.133809 -0.250000 -0.411820 -0.267617 -0.500000 -0.823639 -0.700000 0.666667
-0.045263 -0.250000 -0.430641 -0.090525 -0.500000 -0.861281 -0.733333 0.666667
0.045262 -0.250000 -0.430641 0.090523 -0.500000 -0.861282 -0.766666 0.666667
0.133808 -0.250000 -0.411820 0.267616 -0.500000 -0.823640 -0.800000 0.666667
0.216506 -0.250000 -0.375000 0.433012 -0.500000 -0.750001 -0.833333 0.666667
0.289742 -0.250000 -0.321791 0.579484 -0.500000 -0.643583 -0.866666 0.666667
0.350314 -0.250000 -0.254519 0.700629 -0.500000 -0.509038 -0.900000 0.666667
0.395577 -0.250000 -0.176123 0.791153 -0.500000 -0.352245 -0.933333 0.666667
0.423550 -0.250000 -0.090029 0.847101 -0.500000 -0.180058 -0.966667 0.666667
0.433013 -0.250000 -0.000001 0.866026 -0.500000 -0.000001 -1.000000 0.666667
0.371573 -0.334565 0.000000 0.743145 -0.669130 0.000000 -0.000000 0.733333
0.363453 -0.334565 0.077254 0.726906 -0.669130 0.154509 -0.033333 0.733333
0.339448 -0.334565 0.151132 0.678897 -0.669130 0.302264 -0.066667 0.733333
0.300609 -0.334565 0.218405 0.601217 -0.669130 0.436810 -0.100000 0.733333
0.248631 -0.334565 0.276132 0.497261 -0.669130 0.552264 -0.133333 0.733333
0.185786 -0.334565 0.321791 0.371573 -0.669130 0.643582 -0.166667 0.733333
0.114822 -0.334565 0.353386 0.229645 -0.669130 0.706773 -0.200000 0.733333
0.038840 -0.334565 0.369537 0.077680 -0.669130 0.739074 -0.233333 0.733333
-0.038840 -0.334565 0.369537 -0.077680 -0.669130 0.739074 -0.266667 0.733333
-0.114822 -0.334565 0.353387 -0.229644 -0.669130 0.706773 -0.300000 0.733333
-0.185786 -0.334565 0.321791 -0.371572 -0.669130 0.643583 -0.333333 0.733333
-0.248630 -0.334565 0.276132 -0.497261 -0.669130 0.552265 -0.366667 0.733333
-0.300608 -0.334565 0.218405 -0.601217 -0.669130 0.436810 -0.400000 0.733333
-0.339448 -0.334565 0.151132 -0.678897 -0.669130 0.302265 -0.433333 0.733333
-0.363453 -0.334565 0.077255 -0.726905 -0.669130 0.154509 -0.466667 0.733333
-0.371573 -0.334565 0.000000 -0.743145 -0.669130 0.000000 -0.500000 0.733333
-0.363453 -0.334565 -0.077254 -0.726906 -0.669130 -0.154508 -0.533333 0.733333
-0.339449 -0.334565 -0.151132 -0.678897 -0.669130 -0.302264 -0.566666 0.733333
-0.300609 -0.334565 -0.218405 -0.601217 -0.669130 -0.436809 -0.600000 0.733333
-0.248631 -0.334565 -0.276132 -0.497262 -0.669130 -0.552264 -0.633333 0.733333
-0.185787 -0.334565 -0.321791 -0.371573 -0.669130 -0.643582 -0.666667 0.733333
-0.114822 -0.334565 -0.353386 -0.229645 -0.669130 -0.706773 -0.700000 0.733333
-0.038840 -0.334565 -0.369537 -0.077680 -0.669130 -0.739074 -0.733333 0.733333
0.038840 -0.334565 -0.369537 0.077679 -0.669130 -0.739074 -0.766666 0.733333
0.114822 -0.334565 -0.353387 0.229644 -0.669130 -0.706773 -0.800000 0.733333
0.185786 -0.334565 -0.321791 0.371572 -0.669130 -0.643583 -0.833333 0.733333
0.248630 -0.334565 -0.276132 0.497261 -0.669130 -0.552265 -0.866667 0.733333
0.300608 -0.334565 -0.218405 0.601217 -0.669130 -0.436810 -0.900000 0.733333
0.339448 -0.334565 -0.151133 0.678896 -0.669130 -0.302265 -0.933333 0.733333
0.363453 -0.334565 -0.077255 0.726905 -0.669130 -0.154509 -0.966667 0.733333
0.371573 -0.334565 -0.000000 0.743145 -0.669130 -0.000001 -1.000000 0.733333
0.293893 -0.404508 0.000000 0.587786 -0.809017 0.000000 -0.000000 0.800000
0.287471 -0.404508 0.061104 0.574941 -0.809017 0.122207 -0.033333 0.800000
0.268484 -0.404508 0.119537 0.536969 -0.809017 0.239074 -0.066667 0.800000
0.237764 -0.404508 0.172746 0.475529 -0.809017 0.345492 -0.100000 0.800000
0.196653 -0.404508 0.218405 0.393305 -0.809017 0.436810 -0.133333 0.800000
0.146946 -0.404508 0.254519 0.293893 -0.809017 0.509037 -0.166667 0.800000
0.090818 -0.404508 0.279509 0.181636 -0.809017 0.559017 -0.200000 0.800000
0.030720 -0.404508 0.292283 0.061441 -0.809017 0.584566 -0.233333 0.800000
-0.030720 -0.404508 0.292283 -0.061440 -0.809017 0.584566 -0.266667 0.800000
-0.090818 -0.404508 0.279509 -0.181636 -0.809017 0.559017 -0.300000 0.800000
-0.146946 -0.404508 0.254519 -0.293893 -0.809017 0.509037 -0.333333 0.800000
-0.196653 -0.404508 0.218405 -0.393305 -0.809017 0.436810 -0.366667 0.800000
-0.237764 -0.404508 0.172746 -0.475528 -0.809017 0.345492 -0.400000 0.800000
-0.268484 -0.404508 0.119537 -0.536969 -0.809017 0.239074 -0.433333 0.800000
-0.287470 -0.404508 0.061104 -0.574941 -0.809017 0.122208 -0.466667 0.800000
-0.293893 -0.404508 0.000000 -0.587786 -0.809017 0.000000 -0.500000 0.800000
-0.287471 -0.404508 -0.061104 -0.574941 -0.809017 -0.122207 -0.533333 0.800000
-0.268485 -0.404508 -0.119537 -0.536969 -0.809017 -0.239074 -0.566666 0.800000
-0.237764 -0.404508 -0.172746 -0.475529 -0.809017 -0.345491 -0.600000 0.800000
-0.196653 -0.404508 -0.218405 -0.393306 -0.809017 -0.436810 -0.633333 0.800000
-0.146947 -0.404508 -0.254519 -0.293893 -0.809017 -0.509037 -0.666667 0.800000
-0.090818 -0.404508 -0.279509 -0.181636 -0.809017 -0.559017 -0.700000 0.800000
-0.030720 -0.404508 -0.292283 -0.061441 -0.809017 -0.584566 -0.733333 0.800000
0.030720 -0.404508 -0.292283 0.061440 -0.809017 -0.584566 -0.766666 0.800000
0.090818 -0.404508 -0.279509 0.181635 -0.809017 -0.559017 -0.800000 0.800000
0.146946 -0.404508 -0.254519 0.293892 -0.809017 -0.509038 -0.833333 0.800000
0.196653 -0.404508 -0.218405 0.393305 -0.809017 -0.436810 -0.866666 0.800000
0.237764 -0.404508 -0.172746 0.475528 -0.809017 -0.345492 -0.900000 0.800000
0.268484 -0.404508 -0.119537 0.536969 -0.809017 -0.239075 -0.933333 0.800000
0.287470 -0.404508 -0.061104 0.574941 -0.809017 -0.122208 -0.966667 0.800000
0.293893 -0.404508 -0.000000 0.587786 -0.809017 -0.000001 -1.000000 0.800000
0.203368 -0.456773 0.000000 0.406737 -0.913545 0.000000 -0.000000 0.866667
0.198924 -0.456773 0.042283 0.397849 -0.913545 0.084565 -0.033333 0.866667
0.185786 -0.456773 0.082717 0.371573 -0.913545 0.165435 -0.066667 0.866667
0.164529 -0.456773 0.119537 0.329057 -0.913545 0.239074 -0.100000 0.866667
0.136080 -0.456773 0.151132 0.272160 -0.913545 0.302264 -0.133333 0.866667
0.101684 -0.456773 0.176122 0.203369 -0.913545 0.352245 -0.166667 0.866667
0.062844 -0.456773 0.193415 0.125689 -0.913545 0.386830 -0.200000 0.866667
0.021258 -0.456773 0.202254 0.042516 -0.913545 0.404509 -0.233333 0.866667
-0.021258 -0.456773 0.202254 -0.042515 -0.913545 0.404509 -0.266667 0.866667
-0.062844 -0.456773 0.193415 -0.125689 -0.913545 0.386830 -0.300000 0.866667
-0.101684 -0.456773 0.176122 -0.203368 -0.913545 0.352245 -0.333333 0.866667
-0.136080 -0.456773 0.151132 -0.272160 -0.913545 0.302265 -0.366667 0.866667
-0.164529 -0.456773 0.119537 -0.329057 -0.913545 0.239074 -0.400000 0.866667
-0.185786 -0.456773 0.082717 -0.371573 -0.913545 0.165435 -0.433333 0.866667
-0.198924 -0.456773 0.042283 -0.397849 -0.913545 0.084566 -0.466667 0.866667
-0.203368 -0.456773 0.000000 -0.406737 -0.913545 0.000000 -0.500000 0.866667
-0.198924 -0.456773 -0.042283 -0.397849 -0.913545 -0.084565 -0.533333 0.866667
-0.185786 -0.456773 -0.082717 -0.371573 -0.913545 -0.165435 -0.566666 0.866667
-0.164529 -0.456773 -0.119537 -0.329057 -0.913545 -0.239074 -0.600000 0.866667
-0.136080 -0.456773 -0.151132 -0.272160 -0.913545 -0.302264 -0.633333 0.866667
-0.101684 -0.456773 -0.176122 -0.203369 -0.913545 -0.352244 -0.666667 0.866667
-0.062844 -0.456773 -0.193415 -0.125689 -0.913545 -0.386830 -0.700000 0.866667
-0.021258 -0.456773 -0.202254 -0.042516 -0.913545 -0.404509 -0.733333 0.866667
0.021258 -0.456773 -0.202254 0.042515 -0.913545 -0.404509 -0.766666 0.866667
0.062844 -0.456773 -0.193415 0.125688 -0.913545 -0.386830 -0.800000 0.866667
0.101684 -0.456773 -0.176122 0.203368 -0.913545 -0.352245 -0.833333 0.866667
0.136080 -0.456773 -0.151132 0.272160 -0.913545 -0.302265 -0.866666 0.866667
0.164528 -0.456773 -0.119537 0.329057 -0.913545 -0.239074 -0.900000 0.866667
0.185786 -0.456773 -0.082718 0.371573 -0.913545 -0.165435 -0.933333 0.866667
0.198924 -0.456773 -0.042283 0.397849 -0.913545 -0.084566 -0.966667 0.866667
0.203368 -0.456773 -0.000000 0.406737 -0.913545 -0.000001 -1.000000 0.866667
0.103956 -0.489074 0.000000 0.207912 -0.978147 0.000000 -0.000000 0.933333
0.101684 -0.489074 0.021614 0.203369 -0.978147 0.043227 -0.033333 0.933333
0.094969 -0.489074 0.042283 0.189937 -0.978147 0.084566 -0.066667 0.933333
0.084102 -0.489074 0.061104 0.168205 -0.978147 0.122208 -0.100000 0.933333
0.069560 -0.489074 0.077254 0.139121 -0.978147 0.154509 -0.133333 0.933333
0.051978 -0.489074 0.090029 0.103956 -0.978147 0.180057 -0.166667 0.933333
0.032124 -0.489074 0.098868 0.064248 -0.978147 0.197736 -0.200000 0.933333
0.010866 -0.489074 0.103387 0.021733 -0.978147 0.206773 -0.233333 0.933333
-0.010866 -0.489074 0.103387 -0.021733 -0.978147 0.206773 -0.266667 0.933333
-0.032124 -0.489074 0.098868 -0.064248 -0.978147 0.197736 -0.300000 0.933333
-0.051978 -0.489074 0.090029 -0.103956 -0.978147 0.180057 -0.333333 0.933333
-0.069560 -0.489074 0.077255 -0.139120 -0.978147 0.154509 -0.366667 0.933333
-0.084102 -0.489074 0.061104 -0.168205 -0.978147 0.122208 -0.400000 0.933333
-0.094969 -0.489074 0.042283 -0.189937 -0.978147 0.084566 -0.433333 0.933333
-0.101684 -0.489074 0.021614 -0.203369 -0.978147 0.043228 -0.466667 0.933333
-0.103956 -0.489074 0.000000 -0.207912 -0.978147 0.000000 -0.500000 0.933333
-0.101684 -0.489074 -0.021614 -0.203369 -0.978147 -0.043227 -0.533333 0.933333
-0.094969 -0.489074 -0.042283 -0.189937 -0.978147 -0.084565 -0.566666 0.933333
-0.084102 -0.489074 -0.061104 -0.168205 -0.978147 -0.122208 -0.600000 0.933333
-0.069560 -0.489074 -0.077254 -0.139121 -0.978147 -0.154509 -0.633333 0.933333
-0.051978 -0.489074 -0.090029 -0.103956 -0.978147 -0.180057 -0.666667 0.933333
-0.032124 -0.489074 -0.098868 -0.064249 -0.978147 -0.197736 -0.700000 0.933333
-0.010866 -0.489074 -0.103387 -0.021733 -0.978147 -0.206773 -0.733333 0.933333
0.010866 -0.489074 -0.103387 0.021733 -0.978147 -0.206773 -0.766666 0.933333
0.032124 -0.489074 -0.098868 0.064248 -0.978147 -0.197736 -0.800000 0.933333
0.051978 -0.489074 -0.090029 0.103956 -0.978147 -0.180057 -0.833333 0.933333
0.069560 -0.489074 -0.077255 0.139120 -0.978147 -0.154509 -0.866666 0.933333
0.084102 -0.489074 -0.061104 0.168204 -0.978147 -0.122208 -0.900000 0.933333
0.094969 -0.489074 -0.042283 0.189937 -0.978147 -0.084566 -0.933333 0.933333
0.101684 -0.489074 -0.021614 0.203369 -0.978147 -0.043228 -0.966667 0.933333
0.103956 -0.489074 -0.000000 0.207912 -0.978147 -0.000000 -1.000000 0.933333
0.000000 0.500000 0.000000 0.000000 1.000000 0.000000 0.500000 0.000000
0.000000 -0.500000 0.000000 0.000000 -1.000000 0.000000 0.500000 1.000000
i sphere 2520
0 32 31
0 1 32
1 33 32
1 2 33
2 34 33
2 3 34
3 35 34
3 4 35
4 36 35
4 5 36
5 37 36
5 6 37
6 38 37
6 7 38
7 39 38
7 8 39
8 40 39
8 9 40
9 41 40
9 10 41
10 42 41
10 11 42
11 43 42
11 12 43
12 44 43
12 13 44
13 45 44
13 14 45
14 46 45
14 15 46
15 47 46
15 16 47
16 48 47
16 17 48
17 49 48
17 18 49
18 50 49
18 19 50
19 51 50
19 20 51
20 52 51
20 21 52
21 53 52
21 22 53
22 54 53
22 23 54
23 55 54
23 24 55
24 56 55
24 25 56
25 57 56
25 26 57
26 58 57
26 27 58
27 59 58
27 28 59
28 60 59
28 29 60
29 61 60
29 30 61
31 63 62
31 32 63
32 64 63
32 33 64
33 65 64
33 34 65
34 66 65
34 35 66
35 67 66
35 36 67
36 68 67
36 37 68
37 69 68
37 38 69
38 70 69
38 39 70
39 71 70
39 40 71
40 72 71
40 41 72
41 73 72
41 42 73
42 74 73
42 43 74
43 75 74
43 44 75
44 76 75
44 45 76
45 77 76
45 46 77
46 78 77
46 47 78
47 79 78
47 48 79
48 80 79
48 49 80
49 81 80
49 50 81
50 82 81
50 51 82
51 83 82
51 52 83
52 84 83
52 53 84
53 85 84
53 54 85
54 86 85
54 55 86
55 87 86
55 56 87
56 88 87
56 57 88
57 89 88
57 58 89
58 90 89
58 59 90
59 91 90
59 60 91
60 92 91
60 61 92
62 94 93
62 63 94
63 95 94
63 64 95
64 96 95
64 65 96
65 97 96
65 66 97
66 98 97
66 67 98
67 99 98
67 68 99
68 100 99
68 69 100
69 101 100
69 70 101
70 102 101
70 71 102
71 103 102
71 72 103
72 104 103
72 73 104
73 105 104
73 74 105
74 106 105
74 75 106
75 107 106
75 76 107
76 108 107
76 77 108
77 109 108
77 78 109
78 110 109
78 79 110
79 111 110
79 80 111
80 112 111
80 81 112
81 113 112
81 82 113
82 114 113
82 83 114
83 115 114
83 84 115
84 116 115
84 85 116
85 117 116
85 86 117
86 118 117
86 87 118
87 119 118
87 88 119
88 120 119
88 89 120
89 121 120
89 90 121
90 122 121
90 91 122
91 123 122
91 92 123
93 125 124
93 94 125
94 126 125
94 95 126
95 127 126
95 96 127
96 128 127
96 97 128
97 129 128
97 98 129
98 130 129
98 99 130
99 131 130
99 100 131
100 132 131
100 101 132
101 133 132
101 102 133
102 134 133
102 103 134
103 135 134
103 104 135
104 136 135
104 105 136
105 137 136
105 106 137
106 138 137
106 107 138
107 139 138
107 108 139
108 140 139
108 109 140
109 141 140
109 110 141
110 142 141
110 111 142
111 143 142
111 112 143
112 144 143
112 113 144
113 145 144
113 114 145
114 146 145
114 115 146
115 147 146
115 116 147
116 148 147
116 117 148
117 149 148
117 118 149
118 150 149
118 119 150
119 151 150
119 120 151
120 152 151
120 121 152
121 153 152
121 122 153
122 154 153
122 123 154
124 156 155
124 125 156
125 157 156
125 126 157
126 158 157
126 127 158
127 159 158
127 128 159
128 160 159
128 129 160
129 161 160
129 130 161
130 162 161
130 131 162
131 163 162
131 132 163
132 164 163
132 133 164
133 165 164
133 134 165
134 166 165
134 135 166
135 167 166
135 136 167
136 168 167
136 137 168
137 169 168
137 138 169
138 170 169
138 139 170
139 171 170
139 140 171
140 172 171
140 141 172
141 173 172
141 142 173
142 174 173
142 143 174
143 175 174
143 144 175
144 176 175
144 145 176
145 177 176
145 146 177
146 178 177
146 147 178
147 179 178
147 148 179
148 180 179
148 149 180
149 181 180
149 150 181
150 182 181
150 151 182
151 183 182
151 152 183
152 184 183
152 153 184
153 185 184
153 154 185
155 187 186
155 156 187
156 188 187
156 157 188
157 189 188
157 158 189
158 190 189
158 159 190
159 191 190
159 160 191
160 192 191
160 161 192
161 193 192
161 162 193
162 194 193
162 163 194
163 195 194
163 164 195
164 196 195
164 165 196
165 197 196
165 166 197
166 198 197
166 167 198
167 199 198
167 168 199
168 200 199
168 169 200
169 201 200
169 170 201
170 202 201
170 171 202
171 203 202
171 172 203
172 204 203
172 173 204
173 205 204
173 174 205
174 206 205
174 175 206
175 207 206
175 176 207
176 208 207
176 177 208
177 209 208
177 178 209
178 210 209
178 179 210
179 211 210
179 180 211
180 212 211
180 181 212
181 213 212
181 182 213
182 214 213
182 183 214
183 215 214
183 184 215
184 216 215
184 185 216
186 218 217
186 187 218
187 219 218
187 188 219
188 220 219
188 189 220
189 221 220
189 190 221
190 222 221
190 191 222
191 223 222
191 192 223
192 224 223
192 193 224
193 225 224
193 194 225
194 226 225
194 195 226
195 227 226
195 196 227
196 228 227
196 197 228
197 229 228
197 198 229
198 230 229
198 199 230
199 231 230
199 200 231
200 232 231
200 201 232
201 233 232
201 202 233
202 234 233
202 203 234
203 235 234
203 204 235
204 236 235
204 205 236
205 237 236
205 206 237
206 238 237
206 207 238
207 239 238
207 208 239
208 240 239
208 209 240
209 241 240
209 210 241
210 242 241
210 211 242
211 243 242
211 212 243
212 244 243
212 213 244
213 245 244
213 214 245
214 246 245
214 215 246
215 247 246
215 216 247
217 249 248
217 218 249
218 250 249
218 219 250
219 251 250
219 220 251
220 252 251
220 221 252
221 253 252
221 222 253
222 254 253
222 223 254
223 255 254
223 224 255
224 256 255
224 225 256
225 257 256
225 226 257
226 258 257
226 227 258
227 259 258
227 228 259
228 260 259
228 229 260
229 261 260
229 230 261
230 262 261
230 231 262
231 263 262
231 232 263
232 264 263
232 233 264
233 265 264
233 234 265
234 266 265
234 235 266
235 267 266
235 236 267
236 268 267
236 237 268
237 269 268
237 238 269
238 270 269
238 239 270
239 271 270
239 240 271
240 272 271
240 241 272
241 273 272
241 242 273
242 274 273
242 243 274
243 275 274
243 244 275
244 276 275
244 245 276
245 277 276
245 246 277
246 278 277
246 247 278
248 280 279
248 249 280
249 281 280
249 250 281
250 282 281
250 251 282
251 283 282
251 252 283
252 284 283
252 253 284
253 285 284
253 254 285
254 286 285
254 255 286
255 287 286
255 256 287
256 288 287
256 257 288
257 289 288
257 258 289
258 290 289
258 259 290
259 291 290
259 260 291
260 292 291
260 261 292
261 293 292
261 262 293
262 294 293
262 263 294
263 295 294
263 264 295
264 296 295
264 265 296
265 297 296
265 266 297
266 298 297
266 267 298
267 299 298
267 268 299
268 300 299
268 269 300
269 301 300
269 270 301
270 302 301
270 271 302
271 303 302
271 272 303
272 304 303
272 273 304
273 305 304
273 274 305
274 306 305
274 275 306
275 307 306
275 276 307
276 308 307
276 277 308
277 309 308
277 278 309
279 311 310
279 280 311
280 312 311
280 281 312
281 313 312
281 282 313
282 314 313
282 283 314
283 315 314
283 284 315
284 316 315
284 285 316
285 317 316
285 286 317
286 318 317
286 287 318
287 319 318
287 288 319
288 320 319
288 289 320
289 321 320
289 290 321
290 322 321
290 291 322
291 323 322
291 292 323
292 324 323
292 293 324
293 325 324
293 294 325
294 326 325
294 295 326
295 327 326
295 296 327
296 328 327
296 297 328
297 329 328
297 298 329
298 330 329
298 299 330
299 331 330
299 300 331
300 332 331
300 301 332
301 333 332
301 302 333
302 334 333
302 303 334
303 335 334
303 304 335
304 336 335
304 305 336
305 337 336
305 306 337
306 338 337
306 307 338
307 339 338
307 308 339
308 340 339
308 309 340
310 342 341
310 311 342
311 343 342
311 312 343
312 344 343
312 313 344
313 345 344
313 314 345
314 346 345
314 315 346
315 347 346
315 316 347
316 348 347
316 317 348
317 349 348
317 318 349
318 350 349
318 319 350
319 351 350
319 320 351
320 352 351
320 321 352
321 353 352
321 322 353
322 354 353
322 323 354
323 355 354
323 324 355
324 356 355
324 325 356
325 357 356
325 326 357
326 358 357
326 327 358
327 359 358
327 328 359
328 360 359
328 329 360
329 361 360
329 330 361
330 362 361
330 331 362
331 363 362
331 332 363
332 364 363
332 333 364
333 365 364
333 334 365
334 366 365
334 335 366
335 367 366
335 336 367
336 368 367
336 337 368
337 369 368
337 338 369
338 370 369
338 339 370
339 371 370
339 340 371
341 373 372
341 342 373
342 374 373
342 343 374
343 375 374
343 344 375
344 376 375
344 345 376
345 377 376
345 346 377
346 378 377
346 347 378
347 379 378
347 348 379
348 380 379
348 349 380
349 381 380
349 350 381
350 382 381
350 351 382
351 383 382
351 352 383
352 384 383
352 353 384
353 385 384
353 354 385
354 386 385
354 355 386
355 387 386
355 356 387
356 388 387
356 357 388
357 389 388
357 358 389
358 390 389
358 359 390
359 391 390
359 360 391
360 392 391
360 361 392
361 393 392
361 362 393
362 394 393
362 363 394
363 395 394
363 364 395
364 396 395
364 365 396
365 397 396
365 366 397
366 398 397
366 367 398
367 399 398
367 368 399
368 400 399
368 369 400
369 401 400
369 370 401
370 402 401
370 371 402
372 404 403
372 373 404
373 405 404
373 374 405
374 406 405
374 375 406
375 407 406
375 376 407
376 408 407
376 377 408
377 409 408
377 378 409
378 410 409
378 379 410
379 411 410
379 380 411
380 412 411
380 381 412
381 413 412
381 382 413
382 414 413
382 383 414
383 415 414
383 384 415
384 416 415
384 385 416
385 417 416
385 386 417
386 418 417
386 387 418
387 419 418
387 388 419
388 420 419
388 389 420
389 421 420
389 390 421
390 422 421
390 391 422
391 423 422
391 392 423
392 424 423
392 393 424
393 425 424
393 394 425
394 426 425
394 395 426
395 427 426
395 396 427
396 428 427
396 397 428
397 429 428
397 398 429
398 430 429
398 399 430
399 431 430
399 400 431
400 432 431
400 401 432
401 433 432
401 402 433
434 1 0
434 2 1
434 3 2
434 4 3
434 5 4
434 6 5
434 7 6
434 8 7
434 9 8
434 10 9
434 11 10
434 12 11
434 13 12
434 14 13
434 15 14
434 16 15
434 17 16
434 18 17
434 19 18
434 20 19
434 21 20
434 22 21
434 23 22
434 24 23
434 25 24
434 26 25
434 27 26
434 28 27
434 29 28
434 30 29
403 404 435
404 405 435
405 406 435
406 407 435
407 408 435
408 409 435
409 410 435
410 411 435
411 412 435
412 413 435
413 414 435
414 415 435
415 416 435
416 417 435
417 418 435
418 419 435
419 420 435
420 421 435
421 422 435
422 423 435
423 424 435
424 425 435
425 426 435
426 427 435
427 428 435
428 429 435
429 430 435
430 431 435
431 432 435
432 433 435
x earth assets/earth.png